1.786706846106967062e+00
3.615467579284462829e+00
1.124554690490387143e+00
5.800103579239547225e-01
1.367926021264814551e+00
1.527971410711725653e-01
4.224150496000752320e+00
4.215844906894570809e-01
1.606534579253040551e-01
4.094252986711809927e-01
5.789163143030708891e-01
2.494227960444614922e+00
2.416474872413221786e-01
1.156229801996000228e+00
3.618173243971139819e+00
3.874130270898291650e-01
4.298757686725113714e-01
1.627631373181049890e+00
7.484636812256045824e-01
3.678731466218371909e-02
1.258016942729809351e-01
5.672301847282872345e-01
5.449301455003978667e-01
2.529051004937727054e+00
1.258435367920298420e+00
1.616986036502594537e+00
1.291162293716307419e+00
1.967889724066308910e+00
4.397690155876695095e-01
7.317974035437112557e-01
2.755612022742757183e-01
2.078471733713411762e+00
5.138130076522512413e-01
6.181576687986424234e-01
8.571175740155748124e-02
1.957657652775626866e+00
5.434835725388670324e-01
1.012355827942061914e+00
5.725457274521363882e-01
5.280275323616083760e-01
2.635149195546602208e+00
1.805787630627135598e-02
3.252120722284755239e+00
7.683551076332386653e-01
4.292882770020017280e-01
5.822105194165831943e-01
2.515902660083285003e+00
1.700746897844939154e+00
9.877254236588288716e-01
7.012008129437374837e-01
